68  -73.63668825
94  -71.93169312
95  -72.14168861
98  -72.24076379
100  -75.4028698
135  -71.94932048
136  -72.45301983
138  -71.93293679
146  -67.28653004
147  -67.92597107
247  -75.53778909
253  -73.65972942
254  -73.77402504
267  -68.05807693
269  -69.49358374
270  -68.83940481
271  -69.17622571
272  -68.18005953
273  -69.87341254
275  -69.91895571
277  -67.19957816
278  -69.64391535
280  -67.13538352
281  -69.71942713
282  -69.93353164
283  -71.9192578
287  -69.16280412
289  -69.45186035
290  -69.45302707
291  -69.68754146
293  -70.59370956
294  -71.76596359
295  -72.12109699
296  -76.63924942
345  -76.63215701
347  -75.87550906
358  -70.95336743
360  -70.62392215
363  -70.66936951
365  -70.36511963
366  -68.99340437
368  -69.95457407
369  -70.79057468
371  -71.04777728
372  -71.00503689
373  -70.03660705
374  -70.31695545
375  -69.45122847
376  -69.95315077
377  -70.24213036
378  -70.20579408
383  -69.37314746
384  -68.58405306
385  -67.03547757
387  -67.72887566
388  -67.89020738
389  -67.36552379
390  -67.81793532
391  -68.65515685
393  -69.94466619
394  -76.45604364
396  -74.07510914
397  -75.91274461
398  -76.41919704
444  -73.98744624
447  -75.34354686
448  -76.64928486
496  -76.64272686
497  -76.68974722
498  -76.08234182
499  -76.69285384
500  -76.70833078
541  -76.75071731
543  -75.06233522
545  -74.79938806
546  -76.02456327
547  -76.75732431
590  -76.84482982
591  -76.60505134
592  -76.67545431
596  -76.28281882
598  -76.48765688
599  -76.76697169
646  -76.49335832
650  -76.74971315
688  -76.43067113
689  -76.65062604
690  -76.80515659
691  -76.1902618
692  -76.31020917
694  -76.52799924
695  -75.74469426
700  -75.57212838
737  -75.89655019
741  -75.394729
747  -73.82809478
750  -73.74399589
784  -76.66379052
785  -76.79661228
786  -76.66319971
787  -76.67822837
798  -76.85468153
823  -74.36669805
825  -72.91106508
826  -72.98013468
827  -73.00188643
828  -74.14524793
831  -72.91192828
832  -73.46624855
834  -75.00221873
835  -76.79771757
839  -75.56743097
845  -74.79530239
846  -76.51602725
847  -76.66448905
848  -76.79671103
865  -72.9139337
867  -77.18224837
868  -76.9799949
869  -77.09408786
872  -77.29582792
876  -74.11515643
877  -74.82734828
879  -75.71347482
881  -73.75937906
882  -71.41211618
883  -73.22168444
884  -74.64718979
885  -75.53958001
886  -75.18612221
887  -76.21252496
888  -76.51377667
889  -77.28444483
890  -76.22896439
891  -77.09449824
893  -77.24406279
898  -76.78364174
899  -77.17827097
916  -77.29976298
917  -76.64325115
919  -75.38841289
921  -75.77452327
922  -75.19207725
923  -74.20231489
925  -75.38971149
927  -75.77531467
932  -75.1886611
933  -77.36184546
934  -77.14667027
935  -76.95736991
936  -77.23643584
940  -76.09182945
942  -77.30156045
943  -77.3013167
945  -77.36138796
946  -77.10102731
947  -76.35282639
948  -76.78759122
960  -68.0393049
961  -68.2323498
964  -68.0785766
966  -75.73945858
967  -75.55525182
970  -75.14230649
971  -75.72159091
972  -74.96489793
973  -75.13149823
974  -74.54663974
975  -75.27413079
977  -74.96614851
978  -75.13359105
979  -75.68912879
981  -75.70868647
982  -74.5510113
983  -74.55127381
984  -75.73259717
991  -75.14147681
992  -75.14185855
994  -75.73929876
999  -75.70879446
1016  -75.71437851
1018  -74.88628025
1019  -75.59943445
1020  -75.714882
1021  -75.88424916
1022  -76.00619933
1028  -75.56581927
1029  -75.84840511
1030  -76.01578445
1032  -75.59931188
1033  -76.00612041
1034  -75.43492659
1036  -76.0157826
1038  -75.28310059
1039  -76.01577043
1040  -75.56608074
1041  -75.88415198
1044  -75.9410654
1047  -75.98140219
1066  -75.98295806
1067  -75.8657021
1069  -75.94563502
1073  -76.10951363
1074  -76.10953538
1076  -76.00913222
1077  -76.11438813
1080  -76.0398915
1082  -76.11438862
1088  -75.50982705
1089  -75.86572217
1090  -76.09042225
1095  -76.09041774
1096  -76.09045856
1098  -76.05704415
1099  -75.64961696
1118  -76.18979689
1119  -75.92577627
1121  -75.92586021
1122  -76.16484917
1123  -74.17514599
1124  -75.49458201
1125  -75.65715122
1126  -75.90680471
1128  -76.12631732
1133  -76.07161293
1134  -76.01289503
1135  -76.18786769
1136  -75.68973912
1137  -75.79395012
1139  -75.90715405
1141  -76.01305883
1142  -75.7938298
1143  -75.81920791
1144  -75.81919688
1145  -75.81922616
1147  -76.01300121
1148  -76.19612921
1162  -76.22104919
1163  -75.56223949
1164  -76.02769913
1167  -76.04557192
1168  -75.32782101
1169  -76.15756466
1171  -76.1575734
1172  -75.52000904
1175  -76.02769563
1180  -75.82055221
1181  -75.8492989
1182  -76.16710395
1183  -75.16283577
1185  -75.37791604
1186  -76.11489618
1187  -76.22399153
1188  -76.02767499
1189  -76.19721125
1190  -76.22105083
1192  -76.22986124
1193  -75.56225924
1195  -75.71827116
1196  -76.22399788
1197  -76.15754666
1198  -76.1575496
1210  -76.14173223
1212  -76.18858708
1213  -76.19652363
1215  -76.22944484
1218  -76.22944582
1219  -76.26311845
1221  -74.19567927
1222  -74.54413302
1223  -76.22944328
1225  -76.06902624
1226  -75.15139572
1228  -76.1416781
1230  -76.19646224
1231  -76.2541738
1232  -76.14163754
1234  -76.23458024
1235  -75.37379045
1236  -76.13081361
1237  -76.2294617
1238  -75.95908921
1239  -76.23456772
1249  -76.14161665
1263  -75.55661018
1264  -76.07499857
1265  -75.56599776
1266  -75.8673538
1268  -75.56602684
1269  -76.2418362
1272  -76.14526298
1275  -76.20198767
1277  -76.14880619
1281  -76.07501037
1282  -76.26645051
1285  -76.14526776
1286  -75.37366178
1287  -75.37365161
1289  -75.56585791
1290  -76.20200561
1291  -76.24359429
1292  -74.24601223
1293  -76.24360382
1297  -76.27377269
1314  -75.98117525
1315  -76.27020816
1317  -76.2775889
1320  -76.27758891
1324  -76.20621614
1325  -75.98118034
1327  -75.7345837
1328  -76.26958286
1329  -76.27758969
1330  -74.58336129
1336  -74.58335684
1337  -74.58334435
1338  -76.26958498
1340  -75.15671966
1341  -75.73450461
1342  -76.2459011
1344  -76.2459025
1345  -76.26959018
1347  -76.26958862
1358  -76.21134611
1359  -76.27163283
1363  -76.2078061
1367  -76.2078142
1369  -73.39608384
1370  -73.84553487
1371  -76.20781538
1372  -76.27987971
1377  -73.4228578
1378  -75.87572391
1379  -74.90296616
1380  -75.87572418
1383  -76.21133132
1385  -76.24771255
1386  -75.56287456
1387  -76.27163826
1389  -76.08236203
1390  -75.87569544
1391  -75.87569633
1392  -76.27275281
1393  -75.98184049
1394  -76.25007881
1399  -75.56291909
1406  -75.75023887
1408  -76.09151431
1409  -76.247335
1410  -76.2732716
1412  -76.14557264
1413  -76.20503129
1414  -73.33810262
1415  -76.20503212
1418  -76.20502804
1420  -76.27327164
1422  -74.54190207
1423  -76.24733758
1426  -76.27762962
1427  -75.97021286
1428  -75.70843282
1429  -76.06782016
1430  -75.99947222
1431  -75.58838011
1432  -76.1640876
1434  -76.27327301
1435  -76.09150057
1436  -76.25615294
1438  -73.45072467
1439  -75.75021279
1440  -76.20503061
1442  -75.8511184
1443  -75.97020953
1445  -76.1455694
1446  -76.16408906
1447  -75.34219471
1448  -76.20502807
1455  -76.16684503
1457  -76.08929331
1458  -74.54922626
1459  -76.16684183
1460  -75.12643869
1461  -76.29768721
1463  -76.2888467
1464  -76.2976872
1473  -74.51803846
1474  -76.29768713
1483  -75.86048821
1484  -75.98225156
1487  -75.98225211
1490  -76.08185238
1492  -75.33907977
1496  -76.2976871
1497  -76.28884618
1498  -76.26366146
1504  -76.09321943
1505  -76.26883902
1510  -76.29335744
1511  -76.26883997
1512  -73.35069854
1513  -74.20851968
1514  -76.16853561
1515  -76.26883975
1516  -76.22886615
1517  -76.26968951
1518  -74.86635045
1520  -76.29335792
1524  -76.30144523
1526  -76.29361327
1527  -75.87408069
1528  -75.73083326
1530  -76.0909227
1531  -75.56467342
1532  -74.86906075
1533  -75.73394408
1534  -76.0932172
1535  -76.29335776
1537  -76.29335754
1541  -76.29335755
1543  -73.80752053
1545  -73.80751513
1546  -76.16853541
1548  -76.26968957
1549  -76.22886633
1557  -75.73114976
1558  -75.3646804
1559  -76.10167188
1560  -76.17715092
1561  -75.56235951
1562  -76.26996527
1563  -75.1349416
1564  -76.23432367
1566  -76.22813609
1567  -75.58180734
1568  -76.16883174
1572  -76.10166922
1573  -75.15913733
1574  -76.30391086
1581  -75.88910442
1583  -76.17714873
1584  -75.36467703
1585  -76.10166904
1590  -76.22813678
1591  -75.56235981
1592  -75.73115226
1593  -75.36468382
1594  -76.26996592
1595  -74.5642579
1596  -75.1349419
1598  -76.29508355
1607  -76.01937643
1608  -76.26682884
1610  -76.22300418
1613  -75.98178258
1614  -76.2230041
1616  -76.29388664
1620  -75.71448136
1621  -75.9817826
1622  -76.22300422
1623  -76.24066583
1624  -76.27816606
1625  -76.30465376
1626  -74.83951565
1627  -76.16164682
1628  -75.76720229
1629  -73.89985715
1630  -74.63229182
1631  -76.27816609
1635  -76.16164643
1636  -76.29932727
1637  -76.29388651
1646  -76.18572031
1647  -76.2993275
1651  -76.27673483
1653  -76.10568946
1654  -76.10568918
1655  -76.29931042
1657  -76.29684305
1659  -74.90656897
1661  -74.90656907
1662  -76.23752048
1664  -75.72879904
1666  -76.22908614
1667  -76.22908628
1668  -76.27134653
1670  -76.27134664
1672  -76.2993105
1681  -76.09091026
1682  -76.22908642
1683  -76.2767346
1684  -76.29931048
1685  -76.18086418
1686  -75.72879956
1687  -76.2968431
1688  -75.72879921
1690  -76.09091039
1691  -76.22908645
1692  -76.23752023
1694  -75.75432933
1695  -76.29684315
1747  -70.52545395
1748  -71.28688027
1799  -76.45414584
1894  -71.20930794
1897  -76.21978288
1946  -76.82115313
1996  -76.21679848
1998  -74.31463425
2142  -76.82601921
2143  -75.90518397
2144  -76.66256103
2145  -75.35933341
2146  -74.25869876
2164  -72.44722642
2169  -70.89309608
2170  -71.31767526
2171  -71.67023286
2172  -72.45757499
2173  -72.50323072
2174  -71.27679258
2175  -71.83167038
2177  -72.44722641
2179  -72.45757499
2190  -76.78664526
2192  -76.78664525
2193  -76.58639713
2194  -76.78664525
2239  -76.45523295
2240  -76.73024412
2241  -75.57254448
2242  -74.92430893
2245  -74.68555725
2246  -76.25271361
2247  -76.74554313
2292  -75.53896201
2293  -76.47514203
2294  -76.77739652
2295  -76.20069591
2296  -76.58407614
2297  -76.8077372
2298  -75.53896202
2299  -76.81927308
2344  -76.35849347
2345  -76.66271151
2346  -76.3477644
2348  -76.80835912
2435  -75.90252534
2441  -75.71846159
2442  -73.78931611
2443  -76.67164541
2444  -74.84742159
2447  -75.08403015
2448  -76.67164541
2449  -76.82626015
2484  -76.78671085
2485  -76.81595614
2486  -76.5763382
2487  -76.66674783
2495  -73.30045143
2496  -76.00919218
2497  -76.78671085
2498  -76.00919218
2534  -75.68973071
2541  -76.21799093
2542  -76.58996802
2543  -76.82986837
2582  -76.83103573
2587  -76.48675486
2589  -76.06133049
2599  -76.67890215
2631  -75.89557764
2633  -76.57937977
2635  -76.66816875
2638  -76.6652311
2639  -76.4757509
2640  -76.66816875
2641  -76.73299979
2643  -76.6652311
2645  -76.78596101
2646  -76.5785831
2647  -76.06415345
2688  -76.22168921
2689  -76.35847356
2691  -76.73466148
2694  -75.52180218
2695  -76.06898408
2698  -76.06898409
2700  -71.46499374
2716  -71.51554578
2717  -71.76755921
2718  -71.84641667
2719  -71.59001264
2720  -71.59001264
2721  -71.84558835
2724  -71.66151422
2725  -71.59596692
2727  -71.83731732
2728  -71.71636357
2729  -75.57663859
2730  -76.57687616
2736  -76.16487261
2737  -76.57687616
2739  -76.65706749
2778  -76.67428389
2779  -76.69754718
2783  -76.70044656
2784  -76.0096138
2785  -76.52507014
2786  -76.67842483
2787  -76.1653552
2788  -74.62060936
2789  -73.27279493
2790  -72.06102156
2793  -71.62163425
2794  -73.98682555
2796  -74.31400512
2798  -75.41273796
2799  -76.63953858
2830  -76.12935944
2831  -76.62842709
2832  -76.69997116
2834  -76.27481908
2837  -76.70641205
2838  -76.38863325
2841  -76.48787227
2845  -74.84805661
2848  -74.84805661
2877  -76.45649264
2878  -76.67333595
2879  -75.79591912
2880  -72.04639303
2881  -72.85737592
2883  -75.3704698
2884  -75.3704698
2887  -76.13664882
2888  -76.59340047
2891  -73.39351743
2892  -76.03610334
2895  -76.45649264
2896  -76.67840246
2918  -72.77770088
2921  -72.50048397
2922  -72.73000913
2923  -72.80859265
2925  -76.05120334
2926  -74.60592241
2931  -76.60645874
2936  -74.60592241
2939  -74.91411952
2943  -76.20436269
2944  -76.71770102
2945  -76.69253281
2946  -74.60515905
2948  -74.85941271
2949  -76.27077432
2978  -76.66796818
2979  -76.70634629
2980  -75.90537229
2983  -75.22624597
2985  -76.46868101
2986  -76.62699483
2988  -76.73037108
2998  -75.70578722
2999  -76.23137444
3025  -76.63568378
3026  -76.66582779
3035  -76.32062094
3036  -76.72908066
3039  -76.57691587
3047  -76.73260991
3075  -76.46179782
3076  -75.22880918
3080  -76.07330669
3081  -76.46179782
3082  -76.62115483
3083  -76.62699198
3084  -76.46179782
3085  -76.62115483
3086  -76.7094954
3087  -76.67496644
3088  -76.73209116
3089  -76.56575153
3091  -74.91713971
3121  -76.22417871
3131  -75.21399304
3134  -75.69546056
3135  -76.71532554
3136  -76.74435297
3139  -76.35450851
3140  -76.73684567
3141  -76.56710154
3142  -76.73757698
3145  -76.56710154
3146  -76.73684567
3148  -76.73757698
3170  -76.71784907
3171  -76.17910634
3219  -75.72068238
3220  -76.36776298
3221  -75.2462276
3222  -76.73312396
3223  -75.99205928
3224  -75.83295406
3225  -76.13486737
3227  -75.65729734
3228  -76.26181318
3254  -75.12177327
3256  -74.49992358
3257  -74.32348642
3270  -75.91125906
3274  -76.23538909
3278  -76.36401916
3279  -76.5605093
3280  -76.63081184
3281  -76.74140439
3283  -76.74733099
3286  -76.56432217
3287  -76.67950011
3288  -76.4851833
3326  -75.69216999
3327  -76.67852455
3329  -76.71907482
3333  -76.7385951
3363  -74.75412576
3364  -74.90180791
3367  -76.55604413
3369  -76.74387687
3370  -76.46916723
3371  -76.46916723
3372  -76.46396293
3373  -76.72234297
3374  -76.21727601
3375  -76.553312
3376  -76.62924654
3393  -75.17755761
3395  -76.35140141
3396  -76.71577263
3397  -76.62228885
3399  -76.25426805
3415  -76.74662013
3417  -76.71870988
3418  -76.06586263
3423  -76.6772212
3425  -76.38039467
3428  -76.62642208
3446  -75.19714804
3447  -76.62642208
3448  -76.26865558
3449  -76.38039467
3464  -76.0803797
3465  -76.74460304
3467  -76.54972237
3470  -76.61781593
3472  -76.74460304
3480  -76.7104205
3484  -76.4666742
3485  -76.4666742
3487  -76.4666742
3488  -76.67124381
3489  -76.71940848
3491  -76.74460304
3492  -76.55969614
3494  -76.74460304
3495  -76.73963721
3515  -76.71995221
3516  -74.56804266
3517  -76.63354354
3520  -76.71995221
3521  -76.45564841
3522  -76.74074229
3529  -76.54827129
3530  -76.71995221
3542  -71.8836126
3543  -73.09457038
3545  -74.56804266
3547  -76.28610617
3566  -74.50467371
3567  -76.3634241
3574  -76.73024953
3575  -76.66593288
3580  -76.73024953
3612  -76.71961847
3619  -76.55340208
3620  -76.68292047
3622  -76.74030682
3623  -76.68292047
3626  -76.35980493
3627  -76.62952847
3628  -76.71961847
3629  -75.82620517
3686  -75.06527782
3689  -76.61239845
3691  -76.11413711
3692  -75.54595655
3694  -75.30515259
3720  -76.70939165
3723  -76.63826314
3726  -73.90675586
3732  -74.99056208
3733  -75.21685317
3738  -75.61583626
3739  -76.73499691
3740  -76.73245376
3742  -75.88440377
3743  -76.67093824
3761  -76.63434985
3762  -75.94790504
3766  -73.60074613
3767  -76.32480992
3791  -76.73440948
3807  -76.42242439
3809  -76.67954739
3813  -76.60571218
3817  -76.70209561
3818  -76.67954739
3819  -76.50628285
3821  -76.42242439
3822  -76.71154144
3823  -75.65515582
3824  -76.66220006
3828  -75.7931972
3829  -75.22649892
3831  -73.60707236
3837  -72.92986669
3838  -75.62149252
3839  -73.92190891
3857  -76.47841146
3858  -76.6153117
3859  -76.67781898
3860  -76.70221609
3863  -76.15350814
3864  -76.6153117
3865  -76.47342966
3866  -76.55135679
3867  -76.37605538
3868  -76.55135679
3869  -76.38148808
3870  -76.66542677
3871  -76.70221609
3906  -76.68372379
3929  -70.96826926
3936  -67.42027244
3937  -67.48022536
3938  -68.74691839
3939  -68.57481997
3942  -67.2899039
3943  -67.61496144
3944  -69.68249614
3945  -70.61243052
3946  -71.53089629
3947  -75.25481116
3948  -75.82958596
3954  -76.62947766
3955  -76.74446157
3959  -76.62329463
3960  -76.55946709
3962  -76.47714
3967  -76.00448621
3971  -75.04763789
3976  -76.55751834
3977  -76.74446157
3979  -76.62947766
3980  -76.71839209
3983  -76.00449495
4003  -75.99728503
4004  -76.66470297
4005  -75.8407454
4006  -76.61300757
4007  -76.73254771
4008  -76.56347909
4009  -76.6300945
4014  -73.62146911
4015  -75.28985383
4018  -76.71391571
4019  -75.01790917
4020  -75.28985383
4022  -75.75009951
4025  -76.10821661
4030  -76.25274519
4031  -76.71391571
4034  -76.25274519
4036  -76.73254771
4052  -76.62860853
4053  -76.62860853
4055  -76.0900556
4056  -76.71668095
4064  -75.72247022
4072  -76.2386595
4074  -76.2386595
4075  -76.73717408
4076  -76.62425826
4077  -76.67466351
4078  -76.71668095
4085  -76.55939268
4086  -76.73717408
4104  -76.01498013
4106  -75.6842
4110  -72.45371572
4111  -74.56307932
4116  -73.39925399
4117  -76.01498013
4118  -76.7398166
4119  -76.72174805
4121  -76.48423042
4122  -75.28602389
4135  -76.48423042
4140  -76.48423042
4297  -76.55624753
4348  -76.64216118
4444  -76.35920346
4445  -76.46856664
4446  -76.55508462
4448  -76.55508462
4449  -76.67441532
4450  -75.73990694
4453  -75.56842715
4454  -75.77203401
4471  -75.21779148
4472  -75.7696043
4474  -75.39197103
4475  -73.95052449
4476  -75.68753188
4477  -75.72744921
4481  -75.65744342
4491  -75.08830794
4492  -75.70508925
4493  -76.79542706
4497  -76.82744245
4542  -76.66511769
4543  -76.84194545
4544  -76.66511769
4545  -76.81749266
4546  -75.69901807
4547  -75.8603138
4548  -73.25856609
4549  -73.18508376
4550  -70.30574639
4551  -72.37543024
4552  -72.91525628
4554  -72.5365353
4555  -72.80817606
4556  -72.37543024
4557  -73.13887895
4558  -73.11775953
4559  -73.06977562
4561  -72.77809512
4562  -72.56519058
4563  -72.90818813
4565  -73.15948338
4566  -73.06977562
4568  -73.11775953
4572  -73.15948338
4577  -71.41389782
4579  -72.63819185
4581  -72.32698449
4583  -71.60055105
4585  -72.63819185
4587  -72.13767483
4588  -72.96793259
4589  -73.13887895
4590  -73.07015226
4591  -76.83225289
4592  -75.82216446
4594  -76.33342592
4595  -76.85712224
4597  -76.83225289
4598  -76.83457389
4599  -76.33342592
4640  -76.86403215
4645  -76.86403216
4647  -76.84315443
4649  -76.86079065
4689  -76.00395613
4692  -76.00395616
4693  -75.81210971
4697  -76.66616194
4699  -76.80747867
4739  -75.38254765
4743  -75.61523553
4745  -74.85394663
4747  -75.12865121
4749  -75.82691119
4788  -76.6284137
4796  -76.62841371
4797  -76.81052947
4798  -76.84501233
4837  -75.80560483
4839  -76.56822528
4841  -76.86004926
4848  -76.69238202
4886  -76.74314616
4891  -76.4752206
4892  -76.47522059
4941  -76.80717106
4986  -76.85432666
4987  -76.86314637
4997  -76.83093519
4998  -75.3712324
4999  -75.18041727
5001  -72.62966435
5008  -72.67900284
5009  -72.71086036
5010  -72.09514428
5011  -72.46909927
5012  -72.73677205
5013  -72.63759753
5014  -72.67900284
5018  -72.46909927
5019  -72.33001966
5021  -72.40167993
5023  -71.73846562
5024  -71.73846562
5029  -71.83261489
5030  -71.9231478
5031  -71.42830828
5032  -76.86994542
5037  -76.32020764
5049  -74.49100213
5081  -75.92357982
5082  -76.83699877
5083  -76.45028204
5084  -75.79637598
5085  -76.8618183
5092  -76.80773021
5094  -76.80773021
5095  -76.80773021
5130  -76.78204866
5131  -75.31646286
5135  -74.34347774
5138  -74.35534567
5140  -74.35534567
5141  -74.25161511
5142  -74.34347774
5144  -74.13970401
5145  -74.33997047
5147  -74.16632335
5148  -74.25161511
5150  -73.41712764
5152  -73.62310808
5154  -73.4861227
5155  -73.69177805
5168  -72.57746144
5223  -75.38258938
5225  -74.33491092
5226  -75.12453944
5227  -75.21106775
5229  -76.76119555
5232  -76.79921027
5235  -74.37479039
5242  -75.16251739
5246  -74.57365631
5247  -75.85423188
5287  -75.73013543
5288  -76.84379158
5289  -76.78321365
5329  -76.62630031
5330  -76.79334458
5337  -76.84165097
5340  -76.86222827
5342  -76.86222827
5346  -76.80727059
5347  -76.73518128
5349  -76.80727059
5380  -75.73511201
5385  -74.33446255
5387  -74.34695166
5388  -74.02972231
5389  -74.08170616
5394  -74.25490969
5396  -74.21734595
5397  -74.34695166
5398  -74.00439332
5399  -74.18620088
5424  -76.41887562
5426  -76.74904492
5427  -76.79651636
5430  -76.86710822
5446  -76.79651636
5447  -76.30564506
5448  -76.73922457
5449  -76.85981482
5473  -76.53542548
5475  -76.83523597
5477  -75.08909753
5478  -76.65768259
5479  -76.83523597
5486  -76.69672607
5488  -76.84231987
5490  -76.86035226
5491  -74.81434885
5493  -76.314602
5494  -76.84231987
5533  -76.02545509
5534  -75.83481574
5539  -76.02545509
5540  -76.66931108
5543  -76.59040966
5546  -75.1493564
5571  -76.867571
5602  -75.10839802
5603  -74.75467004
5613  -73.90600282
5614  -74.75467003
5615  -73.79843024
5616  -74.18894154
5617  -73.64827954
5618  -73.70349933
5619  -73.79843024
5621  -76.55181809
5625  -76.55181809
5627  -76.29930796
5628  -76.68943395
5634  -76.7120858
5635  -76.11774907
5637  -76.53754093
5638  -76.71857314
5639  -76.61158851
5640  -76.65354682
5642  -76.11774907
5643  -76.7120858
5644  -76.65354682
5670  -76.80313506
5671  -76.24499782
5672  -76.58001654
5673  -76.37225317
5676  -76.33709111
5677  -76.80313506
5682  -76.7939616
5696  -75.94667133
5697  -76.58001654
5698  -76.76670717
5719  -76.72756722
5721  -76.80539955
5722  -76.77477131
5723  -76.81406486
5744  -76.46820799
5768  -75.05530852
5772  -74.54963959
5773  -76.07482664
5774  -76.78307025
5797  -76.37110161
5832  -75.90164998
5833  -76.48299731
5834  -76.81564969
5838  -75.08157919
5840  -75.71723864
5842  -74.33563827
5844  -73.7839003
5846  -74.59557553
5847  -74.33563827
5848  -76.48299731
5849  -76.82524762
5866  -76.22557477
5868  -76.81585374
5870  -76.73582015
5871  -76.07162825
5872  -75.7175986
5883  -76.7391016
5889  -76.363066
5891  -76.363066
5892  -76.82589958
5916  -76.00480259
5918  -76.78602869
5919  -76.82584415
5920  -75.90046756
5921  -76.73605399
5923  -76.78693239
5924  -76.57475455
5926  -76.7386288
5927  -76.78693239
5941  -76.81591211
5963  -75.28808629
5965  -75.05698992
5973  -75.28808629
5974  -76.81998453
5983  -76.81998453
5986  -75.70890269
5989  -76.48766537
5990  -76.22630932
5991  -76.67730441
5992  -76.82830972
5998  -76.74405201
6012  -76.78204945
6013  -76.57873958
6015  -76.66781824
6065  -74.52411239
6066  -75.49951364
6067  -76.73009023
6069  -76.82505821
6091  -76.82505821
6093  -76.83167611
6094  -76.55956889
6095  -76.55956889
6096  -76.75183222
6097  -76.78442127
6098  -76.83167611
6119  -76.82478675
6121  -76.22836537
6124  -76.49290853
6143  -76.06941278
6144  -76.73252527
6159  -76.55321792
6162  -76.81762259
6163  -75.89163078
6166  -76.82603199
6173  -76.55321792
6174  -76.55321792
6175  -76.13739176
6176  -76.79978903
6187  -76.79978903
6191  -76.75337995
6192  -76.83204038
6195  -76.78265959
6198  -76.81762259
6213  -76.74640506
6215  -76.65928748
6216  -76.74640506
6217  -76.82260315
6286  -76.58304109
6294  -76.78763739
6295  -76.35502761
6296  -76.58304109
6297  -76.82794339
6327  -76.82799011
6329  -76.82799011
6331  -74.55255028
6332  -76.17756037
6333  -76.78858458
6339  -76.82799011
6341  -76.78779868
6344  -76.81839955
6345  -76.78858458
6346  -76.05918725
6347  -74.81132891
6348  -75.88685409
6355  -76.07514956
6360  -76.36200461
6361  -76.73491722
6365  -76.81305074
6366  -76.34033993
6367  -76.58343387
6368  -76.18957204
6369  -76.78337514
6371  -76.81305074
6373  -76.82360744
6374  -76.78613611
6377  -75.72802416
6378  -76.73770983
6382  -76.22650408
6384  -76.73491722
6408  -76.4781578
6409  -76.58211578
6411  -76.81427736
6412  -76.81427736
6422  -76.35676025
6424  -76.06380379
6425  -76.73566474
6448  -76.81519935
6454  -76.82603727
6455  -76.21667225
6456  -76.66042388
6475  -76.82603727
6492  -76.67177123
6502  -76.36052186
6503  -76.82019606
6511  -75.84594957
6512  -76.5855553
6514  -76.22708609
6515  -76.8124947
6536  -76.8124947
6553  -76.78442585
6555  -76.81378368
6561  -76.17915342
6562  -76.82374768
6565  -76.73607609
6567  -76.78445855
6577  -76.5836738
6578  -76.73607609
6581  -76.73485877
6583  -75.59983354
6585  -76.46330093
6586  -76.6690818
6589  -76.78445855
6592  -76.17915342
6594  -76.78445855
6595  -76.22254371
6598  -76.82374768
6599  -76.6690818
6749  -76.78600228
6798  -76.73109896
6845  -76.72603284
6894  -76.81516078
6897  -76.8233883
6948  -76.8249941
6992  -76.73863971
6993  -75.82412217
7094  -76.79178373
7095  -76.81884805
7096  -76.36245471
7098  -76.58984818
7099  -76.36245471
7141  -76.78614768
7142  -76.81560515
7147  -76.22324309
7189  -76.73868717
7191  -76.78701704
7216  -75.52528779
7232  -75.22961617
7247  -76.81911524
7338  -76.81769134
7343  -76.78815035
7344  -76.73644672
7345  -76.47487417
7346  -76.78815035
7349  -76.58052268
7393  -76.78449272
7394  -76.81235021
7482  -76.73754485
7484  -76.78563253
7485  -76.73666255
7531  -76.78433757
7544  -76.33640935
7546  -76.01206534
7549  -76.01206534
7557  -75.11581535
7559  -75.11581535
7560  -75.12279179
7561  -74.39496898
7564  -74.75380517
7570  -74.64805302
7571  -74.96040811
7631  -76.80920796
7632  -76.78477433
7636  -76.02700492
7637  -76.82041542
7638  -76.35857644
7639  -76.73049008
7680  -76.47802227
7691  -76.57936589
7692  -76.81923248
7693  -76.57936589
7720  -76.3914388
7727  -76.36968504
7731  -76.36968504
7740  -76.78555664
7741  -76.81378627
7742  -76.73289831
7745  -76.81378627
7747  -76.78277114
7749  -76.46177036
7777  -75.88987574
7782  -76.67807012
7783  -75.99020732
7784  -76.79357816
7785  -76.59162549
7790  -76.59162549
7792  -76.82195359
7825  -76.73875002
7828  -76.67098904
7832  -76.06216754
7837  -76.82660958
7875  -76.82770897
7879  -76.3579666
7880  -76.82770897
7882  -76.81779226
7883  -76.2184894
7887  -76.73937065
7888  -76.66662209
7923  -76.79480799
7926  -76.79480799
7931  -75.87954489
7932  -76.83036323
7934  -76.05746976
7935  -75.47476286
7936  -76.67929123
7937  -76.78442778
7939  -76.83036323
7976  -76.81948135
7978  -76.65838526
7979  -76.81948135
7980  -76.73280359
7981  -76.74848222
7982  -76.83203173
7983  -76.78646153
7986  -75.07181291
7987  -76.82425873
8021  -76.47911638
8026  -76.35523159
8035  -76.67226041
8045  -76.81971729
8055  -76.18081471
8056  -76.35099611
8058  -76.00827235
8059  -76.25733654
8073  -76.82166969
8074  -76.22732368
8077  -76.07688703
8078  -76.57876023
8079  -76.66698315
8080  -76.82166969
8081  -76.1893773
8085  -76.78431576
8088  -76.8216697
8121  -76.57816184
8125  -76.78408385
8126  -76.66763672
8127  -76.4816345
8128  -76.58327685
8129  -76.81271995
8130  -76.73564862
8131  -76.36312997
8136  -76.4816345
8137  -76.36312997
8144  -76.36312997
8147  -76.4816345
8149  -76.58327685
8168  -76.47913819
8198  -76.78481924
8199  -76.78682775
8223  -76.82013143
8269  -76.73096269
8273  -76.65887129
8274  -75.79348537
8275  -75.79348537
8276  -76.78258179
8277  -76.45293384
8281  -76.81706128
8334  -76.34318681
8335  -76.81669159
8341  -76.78350236
8374  -76.73908952
8375  -76.81549165
8385  -76.48494125
8386  -76.78693632
8394  -76.66572675
8433  -76.65521542
8436  -76.30585796
8438  -76.44320487
8466  -76.82450512
8493  -76.83290128
8494  -76.82093492
8513  -76.57154841
8514  -76.36239706
8516  -76.68053059
8520  -76.74853988
8522  -75.68972239
8527  -76.05976935
8542  -76.68053059
8543  -76.79705981
8556  -75.84731407
8564  -76.45979511
8580  -76.17112712
8645  -76.82031468
8662  -76.79546046
8685  -76.73369287
8688  -76.44824686
8691  -76.44824686
8692  -76.48484305
8694  -76.82392875
8719  -76.82920049
8722  -76.67204727
8723  -76.8193901
8731  -76.66488949
8772  -76.59432636
8777  -76.36182783
8783  -76.83311307
8816  -76.48597301
8818  -76.59277299
8831  -76.36025386
8832  -76.48597301
8833  -76.44550395
8834  -76.30806874
8857  -76.67794451
8860  -76.48805125
8867  -76.67794451
8873  -76.83078437
8883  -76.73778714
8884  -76.59217922
8886  -76.59217922
8910  -76.8235976
8921  -76.47417604
8937  -76.34453964
8940  -76.47417604
8946  -76.47553513
8984  -76.36001928
8996  -76.81884036
9001  -76.66142338
9008  -76.81972208
9026  -76.58912526
9027  -76.8286242
9032  -76.48427399
9034  -76.58912526
9035  -76.7911353
9043  -76.81972208
9048  -76.82862427
9099  -76.78733561
9149  -76.73601699
9197  -76.7478191
9248  -76.67406975
9349  -76.57946114
9358  -75.8087351
9359  -75.8240699
9361  -75.98872174
9371  -76.03391265
9374  -76.03828784
9377  -76.03160598
9379  -75.68739231
9382  -76.03160598
9446  -76.59293416
9447  -76.78314452
9448  -76.819081
9492  -76.73606119
9540  -76.78437976
9545  -76.82090574
9561  -76.2054732
9562  -76.14474465
9644  -76.57558748
9646  -76.7859448
9647  -76.81558739
9654  -75.53550528
9655  -75.51600342
9657  -75.77763323
9658  -75.91730289
9791  -76.57290137
9792  -76.57290137
9793  -76.4782709
9794  -76.57290137
9796  -76.81906765
9840  -76.81546291
9844  -76.65534715
9891  -76.04606358
9892  -76.83234141
9933  -76.74555416
9936  -76.82370184
9939  -76.78885639
9949  -76.35529789
9986  -76.82061489
10031  -76.58205144
10032  -76.81524485
10129  -76.81482391
10131  -76.48278836
10133  -76.5766227
10142  -76.82482082
10148  -76.78556768
10149  -76.81524553
10196  -76.785438
10198  -76.66303622
10199  -76.78772998
10226  -76.73919627
10228  -76.78382717
10275  -76.82351406
10284  -76.81230348
10289  -76.57859873
10290  -76.47260963
10291  -76.47260963
10292  -76.19184753
10293  -76.3425453
10294  -76.35419353
10296  -76.21707536
10297  -76.57859873
10298  -76.73905899
10431  -76.83043905
10520  -76.59190392
10523  -76.79376158
10526  -76.81888478
10532  -76.56792241
10537  -76.66164344
